num <- 1+3 
num2 <- num*2
